Error: fstart no bp mtr-MIR2610b 2 22
Error: fstart no bp osa-MIR2921 3 26
fstart: 1515 out of 1718 88.18393480791619%
fend: 1515 out of 1718 88.18393480791619%
tstart: 1450 out of 1718 84.40046565774156%
tend: 1346 out of 1718 78.34691501746217%
